2.418602e+05 1.560968e+04 6.266716e+04 1.078500e+05 3.521251e+03 5.717226e+04 5.322045e+04 2.548152e+05 1.505374e+05 1.886459e+05 2.263562e+04 2.041676e+05 1.560968e+04 1.007450e+03 4.044544e+03 6.960646e+03 2.272618e+02 3.689902e+03 3.434852e+03 1.644579e+04 9.715696e+03 1.217522e+04 1.460905e+03 1.317699e+04 6.266716e+04 4.044544e+03 1.623736e+04 2.794445e+04 9.123732e+02 1.481361e+04 1.378968e+04 6.602386e+04 3.900497e+04 4.887907e+04 5.864999e+03 5.290080e+04 1.078500e+05 6.960646e+03 2.794445e+04 4.809231e+04 1.570191e+03 2.549417e+04 2.373199e+04 1.136268e+05 6.712742e+04 8.412071e+04 1.009364e+04 9.104211e+04 3.521251e+03 2.272618e+02 9.123732e+02 1.570191e+03 5.126601e+01 8.323728e+02 7.748383e+02 3.709863e+03 2.191679e+03 2.746502e+03 3.295527e+02 2.972482e+03 5.717226e+04 3.689902e+03 1.481361e+04 2.549417e+04 8.323728e+02 1.351470e+04 1.258055e+04 6.023463e+04 3.558486e+04 4.459316e+04 5.350733e+03 4.826226e+04 5.322045e+04 3.434852e+03 1.378968e+04 2.373199e+04 7.748383e+02 1.258055e+04 1.171097e+04 5.607115e+04 3.312520e+04 4.151083e+04 4.980885e+03 4.492632e+04 2.548152e+05 1.644579e+04 6.602386e+04 1.136268e+05 3.709863e+03 6.023463e+04 5.607115e+04 2.684641e+05 1.586008e+05 1.987505e+05 2.384807e+04 2.151036e+05 1.505374e+05 9.715696e+03 3.900497e+04 6.712742e+04 2.191679e+03 3.558486e+04 3.312520e+04 1.586008e+05 9.369671e+04 1.174160e+05 1.408875e+04 1.270769e+05 1.886459e+05 1.217522e+04 4.887907e+04 8.412071e+04 2.746502e+03 4.459316e+04 4.151083e+04 1.987505e+05 1.174160e+05 1.471398e+05 1.765531e+04 1.592464e+05 2.263562e+04 1.460905e+03 5.864999e+03 1.009364e+04 3.295527e+02 5.350733e+03 4.980885e+03 2.384807e+04 1.408875e+04 1.765531e+04 2.118460e+03 1.910797e+04 2.041676e+05 1.317699e+04 5.290080e+04 9.104211e+04 2.972482e+03 4.826226e+04 4.492632e+04 2.151036e+05 1.270769e+05 1.592464e+05 1.910797e+04 1.723491e+05 
1.182718e+05 8.828043e+04 5.746562e+04 1.031541e+04 3.884082e+04 7.655131e+04 4.452459e+04 1.454782e+05 5.809367e+04 1.176687e+05 1.094514e+05 8.798457e+04 8.828043e+04 6.589429e+04 4.289350e+04 7.699627e+03 2.899157e+04 5.713944e+04 3.323405e+04 1.085879e+05 4.336229e+04 8.783032e+04 8.169673e+04 6.567345e+04 5.746562e+04 4.289350e+04 2.792127e+04 5.012026e+03 1.887189e+04 3.719457e+04 2.163351e+04 7.068463e+04 2.822642e+04 5.717262e+04 5.318000e+04 4.274974e+04 1.031541e+04 7.699627e+03 5.012026e+03 8.996872e+02 3.387612e+03 6.676638e+03 3.883337e+03 1.268829e+04 5.066803e+03 1.026281e+04 9.546112e+03 7.673821e+03 3.884082e+04 2.899157e+04 1.887189e+04 3.387612e+03 1.275545e+04 2.513969e+04 1.462202e+04 4.777551e+04 1.907815e+04 3.864279e+04 3.594419e+04 2.889441e+04 7.655131e+04 5.713944e+04 3.719457e+04 6.676638e+03 2.513969e+04 4.954777e+04 2.881850e+04 9.416066e+04 3.760108e+04 7.616100e+04 7.084232e+04 5.694793e+04 4.452459e+04 3.323405e+04 2.163351e+04 3.883337e+03 1.462202e+04 2.881850e+04 1.676173e+04 5.476673e+04 2.186994e+04 4.429757e+04 4.120407e+04 3.312267e+04 1.454782e+05 1.085879e+05 7.068463e+04 1.268829e+04 4.777551e+04 9.416066e+04 5.476673e+04 1.789431e+05 7.145715e+04 1.447365e+05 1.346289e+05 1.082239e+05 5.809367e+04 4.336229e+04 2.822642e+04 5.066803e+03 1.907815e+04 3.760108e+04 2.186994e+04 7.145715e+04 2.853491e+04 5.779747e+04 5.376121e+04 4.321696e+04 1.176687e+05 8.783032e+04 5.717262e+04 1.026281e+04 3.864279e+04 7.616100e+04 4.429757e+04 1.447365e+05 5.779747e+04 1.170688e+05 1.088933e+05 8.753596e+04 1.094514e+05 8.169673e+04 5.318000e+04 9.546112e+03 3.594419e+04 7.084232e+04 4.120407e+04 1.346289e+05 5.376121e+04 1.088933e+05 1.012888e+05 8.142292e+04 8.798457e+04 6.567345e+04 4.274974e+04 7.673821e+03 2.889441e+04 5.694793e+04 3.312267e+04 1.082239e+05 4.321696e+04 8.753596e+04 8.142292e+04 6.545335e+04 
2.664618e+04 1.843276e+04 4.878918e+04 1.452204e+04 3.575709e+04 1.695937e+04 6.976512e+04 5.124637e+04 3.905628e+04 4.814038e+04 5.108474e+04 3.191062e+04 1.843276e+04 1.275105e+04 3.375041e+04 1.004577e+04 2.473533e+04 1.173181e+04 4.826073e+04 3.545019e+04 2.701758e+04 3.330160e+04 3.533839e+04 2.207450e+04 4.878918e+04 3.375041e+04 8.933306e+04 2.658988e+04 6.547128e+04 3.105262e+04 1.277400e+05 9.383217e+04 7.151211e+04 8.814511e+04 9.353623e+04 5.842840e+04 1.452204e+04 1.004577e+04 2.658988e+04 7.914447e+03 1.948745e+04 9.242777e+03 3.802167e+04 2.792904e+04 2.128549e+04 2.623629e+04 2.784095e+04 1.739114e+04 3.575709e+04 2.473533e+04 6.547128e+04 1.948745e+04 4.798322e+04 2.275815e+04 9.361934e+04 6.876863e+04 5.241048e+04 6.460064e+04 6.855174e+04 4.282157e+04 1.695937e+04 1.173181e+04 3.105262e+04 9.242777e+03 2.275815e+04 1.079405e+04 4.440308e+04 3.261654e+04 2.485797e+04 3.063969e+04 3.251367e+04 2.031001e+04 6.976512e+04 4.826073e+04 1.277400e+05 3.802167e+04 9.361934e+04 4.440308e+04 1.826593e+05 1.341734e+05 1.022573e+05 1.260413e+05 1.337503e+05 8.354851e+04 5.124637e+04 3.545019e+04 9.383217e+04 2.792904e+04 6.876863e+04 3.261654e+04 1.341734e+05 9.855787e+04 7.511369e+04 9.258439e+04 9.824702e+04 6.137104e+04 3.905628e+04 2.701758e+04 7.151211e+04 2.128549e+04 5.241048e+04 2.485797e+04 1.022573e+05 7.511369e+04 5.724623e+04 7.056114e+04 7.487679e+04 4.677258e+04 4.814038e+04 3.330160e+04 8.814511e+04 2.623629e+04 6.460064e+04 3.063969e+04 1.260413e+05 9.258439e+04 7.056114e+04 8.697296e+04 9.229239e+04 5.765141e+04 5.108474e+04 3.533839e+04 9.353623e+04 2.784095e+04 6.855174e+04 3.251367e+04 1.337503e+05 9.824702e+04 7.487679e+04 9.229239e+04 9.793716e+04 6.117748e+04 3.191062e+04 2.207450e+04 5.842840e+04 1.739114e+04 4.282157e+04 2.031001e+04 8.354851e+04 6.137104e+04 4.677258e+04 5.765141e+04 6.117748e+04 3.821516e+04 
5.179925e+04 7.116386e+03 5.430364e+04 6.526140e+04 9.675263e+03 5.857301e+04 8.332165e+04 7.470846e+04 6.841339e+04 5.638200e+04 8.338407e+04 1.770018e+04 7.116386e+03 9.776773e+02 7.460449e+03 8.965870e+03 1.329226e+03 8.046992e+03 1.144706e+04 1.026374e+04 9.398902e+03 7.745982e+03 1.145563e+04 2.431721e+03 5.430364e+04 7.460449e+03 5.692912e+04 6.841666e+04 1.014304e+04 6.140490e+04 8.735009e+04 7.832046e+04 7.172104e+04 5.910795e+04 8.741552e+04 1.855595e+04 6.526140e+04 8.965870e+03 6.841666e+04 8.222224e+04 1.218978e+04 7.379560e+04 1.049762e+05 9.412450e+04 8.619340e+04 7.103516e+04 1.050548e+05 2.230030e+04 9.675263e+03 1.329226e+03 1.014304e+04 1.218978e+04 1.807183e+03 1.094049e+04 1.556314e+04 1.395433e+04 1.277852e+04 1.053125e+04 1.557480e+04 3.306109e+03 5.857301e+04 8.046992e+03 6.140490e+04 7.379560e+04 1.094049e+04 6.623257e+04 9.421758e+04 8.447804e+04 7.735977e+04 6.375504e+04 9.428816e+04 2.001483e+04 8.332165e+04 1.144706e+04 8.735009e+04 1.049762e+05 1.556314e+04 9.421758e+04 1.340270e+05 1.201722e+05 1.100463e+05 9.069322e+04 1.341274e+05 2.847162e+04 7.470846e+04 1.026374e+04 7.832046e+04 9.412450e+04 1.395433e+04 8.447804e+04 1.201722e+05 1.077497e+05 9.867051e+04 8.131801e+04 1.202623e+05 2.552843e+04 6.841339e+04 9.398902e+03 7.172104e+04 8.619340e+04 1.277852e+04 7.735977e+04 1.100463e+05 9.867051e+04 9.035636e+04 7.446601e+04 1.101288e+05 2.337736e+04 5.638200e+04 7.745982e+03 5.910795e+04 7.103516e+04 1.053125e+04 6.375504e+04 9.069322e+04 8.131801e+04 7.446601e+04 6.137018e+04 9.076116e+04 1.926614e+04 8.338407e+04 1.145563e+04 8.741552e+04 1.050548e+05 1.557480e+04 9.428816e+04 1.341274e+05 1.202623e+05 1.101288e+05 9.076116e+04 1.342279e+05 2.849295e+04 1.770018e+04 2.431721e+03 1.855595e+04 2.230030e+04 3.306109e+03 2.001483e+04 2.847162e+04 2.552843e+04 2.337736e+04 1.926614e+04 2.849295e+04 6.048283e+03 
2.917998e+04 6.020937e+03 5.323152e+04 5.742897e+04 4.215824e+04 1.011087e+04 6.310100e+04 1.186261e+04 7.124146e+04 1.561409e+04 3.219051e+04 8.118690e+04 6.020937e+03 1.242348e+03 1.098368e+04 1.184977e+04 8.698844e+03 2.086257e+03 1.302013e+04 2.447707e+03 1.469982e+04 3.221780e+03 6.642124e+03 1.675194e+04 5.323152e+04 1.098368e+04 9.710751e+04 1.047647e+05 7.690709e+04 1.844474e+04 1.151119e+05 2.164035e+04 1.299621e+05 2.848398e+04 5.872348e+04 1.481051e+05 5.742897e+04 1.184977e+04 1.047647e+05 1.130257e+05 8.297141e+04 1.989916e+04 1.241888e+05 2.334675e+04 1.402100e+05 3.073002e+04 6.335398e+04 1.597835e+05 4.215824e+04 8.698844e+03 7.690709e+04 8.297141e+04 6.090878e+04 1.460784e+04 9.116617e+04 1.713870e+04 1.029272e+05 2.255871e+04 4.650775e+04 1.172961e+05 1.011087e+04 2.086257e+03 1.844474e+04 1.989916e+04 1.460784e+04 3.503421e+03 2.186452e+04 4.110399e+03 2.468519e+04 5.410288e+03 1.115402e+04 2.813129e+04 6.310100e+04 1.302013e+04 1.151119e+05 1.241888e+05 9.116617e+04 2.186452e+04 1.364544e+05 2.565261e+04 1.540579e+05 3.376510e+04 6.961121e+04 1.755647e+05 1.186261e+04 2.447707e+03 2.164035e+04 2.334675e+04 1.713870e+04 4.110399e+03 2.565261e+04 4.822538e+03 2.896198e+04 6.347637e+03 1.308649e+04 3.300512e+04 7.124146e+04 1.469982e+04 1.299621e+05 1.402100e+05 1.029272e+05 2.468519e+04 1.540579e+05 2.896198e+04 1.739325e+05 3.812103e+04 7.859153e+04 1.982138e+05 1.561409e+04 3.221780e+03 2.848398e+04 3.073002e+04 2.255871e+04 5.410288e+03 3.376510e+04 6.347637e+03 3.812103e+04 8.355040e+03 1.722502e+04 4.344279e+04 3.219051e+04 6.642124e+03 5.872348e+04 6.335398e+04 4.650775e+04 1.115402e+04 6.961121e+04 1.308649e+04 7.859153e+04 1.722502e+04 3.551165e+04 8.956305e+04 8.118690e+04 1.675194e+04 1.481051e+05 1.597835e+05 1.172961e+05 2.813129e+04 1.755647e+05 3.300512e+04 1.982138e+05 4.344279e+04 8.956305e+04 2.258848e+05 
7.698453e+04 1.459649e+05 3.308288e+04 5.485825e+04 1.534441e+05 1.973534e+04 4.409375e+04 3.000255e+04 1.245702e+05 7.487840e+04 7.714154e+03 3.483775e+03 1.459649e+05 2.767536e+05 6.272609e+04 1.040128e+05 2.909344e+05 3.741878e+04 8.360302e+04 5.688570e+04 2.361887e+05 1.419716e+05 1.462626e+04 6.605336e+03 3.308288e+04 6.272609e+04 1.421684e+04 2.357446e+04 6.594017e+04 8.480951e+03 1.894859e+04 1.289312e+04 5.353207e+04 3.217780e+04 3.315035e+03 1.497097e+03 5.485825e+04 1.040128e+05 2.357446e+04 3.909133e+04 1.093424e+05 1.406317e+04 3.142068e+04 2.137946e+04 8.876723e+04 5.335745e+04 5.497014e+03 2.482496e+03 1.534441e+05 2.909344e+05 6.594017e+04 1.093424e+05 3.058418e+05 3.933611e+04 8.788683e+04 5.980052e+04 2.482910e+05 1.492462e+05 1.537570e+04 6.943793e+03 1.973534e+04 3.741878e+04 8.480951e+03 1.406317e+04 3.933611e+04 5.059248e+03 1.130364e+04 7.691295e+03 3.193415e+04 1.919543e+04 1.977559e+03 8.930819e+02 4.409375e+04 8.360302e+04 1.894859e+04 3.142068e+04 8.788683e+04 1.130364e+04 2.525519e+04 1.718430e+04 7.134898e+04 4.288744e+04 4.418368e+03 1.995371e+03 3.000255e+04 5.688570e+04 1.289312e+04 2.137946e+04 5.980052e+04 7.691295e+03 1.718430e+04 1.169265e+04 4.854773e+04 2.918175e+04 3.006374e+03 1.357703e+03 1.245702e+05 2.361887e+05 5.353207e+04 8.876723e+04 2.482910e+05 3.193415e+04 7.134898e+04 4.854773e+04 2.015695e+05 1.211622e+05 1.248243e+04 5.637165e+03 7.487840e+04 1.419716e+05 3.217780e+04 5.335745e+04 1.492462e+05 1.919543e+04 4.288744e+04 2.918175e+04 1.211622e+05 7.282989e+04 7.503111e+03 3.388466e+03 7.714154e+03 1.462626e+04 3.315035e+03 5.497014e+03 1.537570e+04 1.977559e+03 4.418368e+03 3.006374e+03 1.248243e+04 7.503111e+03 7.729887e+02 3.490880e+02 3.483775e+03 6.605336e+03 1.497097e+03 2.482496e+03 6.943793e+03 8.930819e+02 1.995371e+03 1.357703e+03 5.637165e+03 3.388466e+03 3.490880e+02 1.576510e+02 
2.308169e+05 1.990480e+05 4.553787e+04 4.101323e+04 1.778532e+05 1.156007e+05 2.514086e+05 2.285596e+04 1.231538e+05 3.046549e+04 9.082034e+04 2.654607e+03 1.990480e+05 1.716517e+05 3.927019e+04 3.536830e+04 1.533741e+05 9.968977e+04 2.168056e+05 1.971014e+04 1.062033e+05 2.627232e+04 7.832013e+04 2.289235e+03 4.553787e+04 3.927019e+04 8.984166e+03 8.091500e+03 3.508866e+04 2.280685e+04 4.960041e+04 4.509253e+03 2.429702e+04 6.010535e+03 1.791794e+04 5.237273e+02 4.101323e+04 3.536830e+04 8.091500e+03 7.287529e+03 3.160225e+04 2.054077e+04 4.467211e+04 4.061214e+03 2.188287e+04 5.413329e+03 1.613762e+04 4.716898e+02 1.778532e+05 1.533741e+05 3.508866e+04 3.160225e+04 1.370427e+05 8.907470e+04 1.937199e+05 1.761139e+04 9.489470e+04 2.347481e+04 6.998052e+04 2.045475e+03 1.156007e+05 9.968977e+04 2.280685e+04 2.054077e+04 8.907470e+04 5.789659e+04 1.259137e+05 1.144701e+04 6.167946e+04 1.525811e+04 4.548580e+04 1.329514e+03 2.514086e+05 2.168056e+05 4.960041e+04 4.467211e+04 1.937199e+05 1.259137e+05 2.738374e+05 2.489500e+04 1.341407e+05 3.318338e+04 9.892263e+04 2.891430e+03 2.285596e+04 1.971014e+04 4.509253e+03 4.061214e+03 1.761139e+04 1.144701e+04 2.489500e+04 2.263244e+03 1.219494e+04 3.016755e+03 8.993216e+03 2.628646e+02 1.231538e+05 1.062033e+05 2.429702e+04 2.188287e+04 9.489470e+04 6.167946e+04 1.341407e+05 1.219494e+04 6.570950e+04 1.625505e+04 4.845777e+04 1.416382e+03 3.046549e+04 2.627232e+04 6.010535e+03 5.413329e+03 2.347481e+04 1.525811e+04 3.318338e+04 3.016755e+03 1.625505e+04 4.021134e+03 1.198736e+04 3.503811e+02 9.082034e+04 7.832013e+04 1.791794e+04 1.613762e+04 6.998052e+04 4.548580e+04 9.892263e+04 8.993216e+03 4.845777e+04 1.198736e+04 3.573540e+04 1.044517e+03 2.654607e+03 2.289235e+03 5.237273e+02 4.716898e+02 2.045475e+03 1.329514e+03 2.891430e+03 2.628646e+02 1.416382e+03 3.503811e+02 1.044517e+03 3.053041e+01 
7.051403e+04 7.784518e+04 4.877483e+04 9.411236e+04 5.111714e+04 4.289374e+04 3.619438e+04 4.179188e+04 3.589495e+04 8.140075e+04 6.618926e+04 8.906620e+04 7.784518e+04 8.593852e+04 5.384581e+04 1.038970e+05 5.643165e+04 4.735328e+04 3.995740e+04 4.613686e+04 3.962684e+04 8.986375e+04 7.307077e+04 9.832616e+04 4.877483e+04 5.384581e+04 3.373774e+04 6.509789e+04 3.535793e+04 2.966977e+04 2.503579e+04 2.890761e+04 2.482867e+04 5.630521e+04 4.578337e+04 6.160744e+04 9.411236e+04 1.038970e+05 6.509789e+04 1.256081e+05 6.822408e+04 5.724862e+04 4.830724e+04 5.577801e+04 4.790760e+04 1.086424e+05 8.834025e+04 1.188732e+05 5.111714e+04 5.643165e+04 3.535793e+04 6.822408e+04 3.705592e+04 3.109460e+04 2.623808e+04 3.029583e+04 2.602102e+04 5.900916e+04 4.798202e+04 6.456601e+04 4.289374e+04 4.735328e+04 2.966977e+04 5.724862e+04 3.109460e+04 2.609230e+04 2.201707e+04 2.542203e+04 2.183492e+04 4.951614e+04 4.026298e+04 5.417904e+04 3.619438e+04 3.995740e+04 2.503579e+04 4.830724e+04 2.623808e+04 2.201707e+04 1.857833e+04 2.145149e+04 1.842463e+04 4.178246e+04 3.397450e+04 4.571708e+04 4.179188e+04 4.613686e+04 2.890761e+04 5.577801e+04 3.029583e+04 2.542203e+04 2.145149e+04 2.476899e+04 2.127402e+04 4.824416e+04 3.922869e+04 5.278728e+04 3.589495e+04 3.962684e+04 2.482867e+04 4.790760e+04 2.602102e+04 2.183492e+04 1.842463e+04 2.127402e+04 1.827221e+04 4.143680e+04 3.369343e+04 4.533887e+04 8.140075e+04 8.986375e+04 5.630521e+04 1.086424e+05 5.900916e+04 4.951614e+04 4.178246e+04 4.824416e+04 4.143680e+04 9.396827e+04 7.640827e+04 1.028172e+05 6.618926e+04 7.307077e+04 4.578337e+04 8.834025e+04 4.798202e+04 4.026298e+04 3.397450e+04 3.922869e+04 3.369343e+04 7.640827e+04 6.212973e+04 8.360358e+04 8.906620e+04 9.832616e+04 6.160744e+04 1.188732e+05 6.456601e+04 5.417904e+04 4.571708e+04 5.278728e+04 4.533887e+04 1.028172e+05 8.360358e+04 1.124994e+05 
1.242535e+05 7.819781e+04 8.477777e+04 6.745349e+04 1.035779e+05 5.085313e+04 8.068348e+04 5.231995e+04 5.220953e+04 4.799250e+04 1.328282e+05 1.015798e+05 7.819781e+04 4.921307e+04 5.335411e+04 4.245123e+04 6.518582e+04 3.200395e+04 5.077740e+04 3.292708e+04 3.285759e+04 3.020364e+04 8.359422e+04 6.392828e+04 8.477777e+04 5.335411e+04 5.784359e+04 4.602329e+04 7.067088e+04 3.469692e+04 5.505007e+04 3.569773e+04 3.562239e+04 3.274513e+04 9.062826e+04 6.930753e+04 6.745349e+04 4.245123e+04 4.602329e+04 3.661846e+04 5.622933e+04 2.760663e+04 4.380062e+04 2.840292e+04 2.834298e+04 2.605368e+04 7.210843e+04 5.514458e+04 1.035779e+05 6.518582e+04 7.067088e+04 5.622933e+04 8.634272e+04 4.239125e+04 6.725787e+04 4.361399e+04 4.352194e+04 4.000662e+04 1.107258e+05 8.467704e+04 5.085313e+04 3.200395e+04 3.469692e+04 2.760663e+04 4.239125e+04 2.081262e+04 3.302126e+04 2.141294e+04 2.136775e+04 1.964185e+04 5.436249e+04 4.157346e+04 8.068348e+04 5.077740e+04 5.505007e+04 4.380062e+04 6.725787e+04 3.302126e+04 5.239146e+04 3.397373e+04 3.390203e+04 3.116372e+04 8.625143e+04 6.596036e+04 5.231995e+04 3.292708e+04 3.569773e+04 2.840292e+04 4.361399e+04 2.141294e+04 3.397373e+04 2.203058e+04 2.198409e+04 2.020841e+04 5.593054e+04 4.277261e+04 5.220953e+04 3.285759e+04 3.562239e+04 2.834298e+04 4.352194e+04 2.136775e+04 3.390203e+04 2.198409e+04 2.193769e+04 2.016575e+04 5.581250e+04 4.268234e+04 4.799250e+04 3.020364e+04 3.274513e+04 2.605368e+04 4.000662e+04 1.964185e+04 3.116372e+04 2.020841e+04 2.016575e+04 1.853694e+04 5.130445e+04 3.923484e+04 1.328282e+05 8.359422e+04 9.062826e+04 7.210843e+04 1.107258e+05 5.436249e+04 8.625143e+04 5.593054e+04 5.581250e+04 5.130445e+04 1.419947e+05 1.085897e+05 1.015798e+05 6.392828e+04 6.930753e+04 5.514458e+04 8.467704e+04 4.157346e+04 6.596036e+04 4.277261e+04 4.268234e+04 3.923484e+04 1.085897e+05 8.304349e+04 
6.958586e+04 9.206310e+03 7.494635e+04 1.929139e+04 6.037961e+04 4.359408e+04 7.681524e+04 6.671073e+04 6.766167e+04 8.798544e+04 6.839989e+04 8.635947e+04 9.206310e+03 1.218008e+03 9.915511e+03 2.552279e+03 7.988310e+03 5.767560e+03 1.016277e+04 8.825926e+03 8.951737e+03 1.164060e+04 9.049405e+03 1.142548e+04 7.494635e+04 9.915511e+03 8.071979e+04 2.077749e+04 6.503091e+04 4.695232e+04 8.273264e+04 7.184974e+04 7.287393e+04 9.476333e+04 7.366903e+04 9.301210e+04 1.929139e+04 2.552279e+03 2.077749e+04 5.348180e+03 1.673913e+04 1.208565e+04 2.129560e+04 1.849431e+04 1.875794e+04 2.439233e+04 1.896260e+04 2.394156e+04 6.037961e+04 7.988310e+03 6.503091e+04 1.673913e+04 5.239136e+04 3.782656e+04 6.665254e+04 5.788486e+04 5.870999e+04 7.634492e+04 5.935055e+04 7.493406e+04 4.359408e+04 5.767560e+03 4.695232e+04 1.208565e+04 3.782656e+04 2.731078e+04 4.812314e+04 4.179287e+04 4.238861e+04 5.512103e+04 4.285110e+04 5.410239e+04 7.681524e+04 1.016277e+04 8.273264e+04 2.129560e+04 6.665254e+04 4.812314e+04 8.479569e+04 7.364141e+04 7.469114e+04 9.712638e+04 7.550606e+04 9.533148e+04 6.671073e+04 8.825926e+03 7.184974e+04 1.849431e+04 5.788486e+04 4.179287e+04 7.364141e+04 6.395440e+04 6.486604e+04 8.435008e+04 6.557376e+04 8.279129e+04 6.766167e+04 8.951737e+03 7.287393e+04 1.875794e+04 5.870999e+04 4.238861e+04 7.469114e+04 6.486604e+04 6.579068e+04 8.555246e+04 6.650849e+04 8.397145e+04 8.798544e+04 1.164060e+04 9.476333e+04 2.439233e+04 7.634492e+04 5.512103e+04 9.712638e+04 8.435008e+04 8.555246e+04 1.112502e+05 8.648588e+04 1.091942e+05 6.839989e+04 9.049405e+03 7.366903e+04 1.896260e+04 5.935055e+04 4.285110e+04 7.550606e+04 6.557376e+04 6.650849e+04 8.648588e+04 6.723414e+04 8.488762e+04 8.635947e+04 1.142548e+04 9.301210e+04 2.394156e+04 7.493406e+04 5.410239e+04 9.533148e+04 8.279129e+04 8.397145e+04 1.091942e+05 8.488762e+04 1.071763e+05 
4.270128e+01 2.002735e+03 2.237842e+03 2.373012e+03 1.197147e+03 1.391896e+03 6.503751e+02 8.988455e+02 1.206413e+03 2.693729e+03 2.070794e+03 1.341210e+03 2.002735e+03 9.393036e+04 1.049571e+05 1.112967e+05 5.614745e+04 6.528140e+04 3.050328e+04 4.215679e+04 5.658205e+04 1.263387e+05 9.712239e+04 6.290415e+04 2.237842e+03 1.049571e+05 1.172784e+05 1.243622e+05 6.273878e+04 7.294500e+04 3.408415e+04 4.710572e+04 6.322440e+04 1.411701e+05 1.085239e+05 7.028867e+04 2.373012e+03 1.112967e+05 1.243622e+05 1.318739e+05 6.652831e+04 7.735100e+04 3.614290e+04 4.995099e+04 6.704327e+04 1.496970e+05 1.150789e+05 7.453423e+04 1.197147e+03 5.614745e+04 6.273878e+04 6.652831e+04 3.356248e+04 3.902236e+04 1.823352e+04 2.519948e+04 3.382227e+04 7.551976e+04 5.805551e+04 3.760134e+04 1.391896e+03 6.528140e+04 7.294500e+04 7.735100e+04 3.902236e+04 4.537044e+04 2.119971e+04 2.929888e+04 3.932441e+04 8.780516e+04 6.749986e+04 4.371825e+04 6.503751e+02 3.050328e+04 3.408415e+04 3.614290e+04 1.823352e+04 2.119971e+04 9.905741e+03 1.369015e+04 1.837466e+04 4.102769e+04 3.153987e+04 2.042771e+04 8.988455e+02 4.215679e+04 4.710572e+04 4.995099e+04 2.519948e+04 2.929888e+04 1.369015e+04 1.892035e+04 2.539454e+04 5.670197e+04 4.358941e+04 2.823195e+04 1.206413e+03 5.658205e+04 6.322440e+04 6.704327e+04 3.382227e+04 3.932441e+04 1.837466e+04 2.539454e+04 3.408407e+04 7.610431e+04 5.850488e+04 3.789239e+04 2.693729e+03 1.263387e+05 1.411701e+05 1.496970e+05 7.551976e+04 8.780516e+04 4.102769e+04 5.670197e+04 7.610431e+04 1.699288e+05 1.306321e+05 8.460769e+04 2.070794e+03 9.712239e+04 1.085239e+05 1.150789e+05 5.805551e+04 6.749986e+04 3.153987e+04 4.358941e+04 5.850488e+04 1.306321e+05 1.004229e+05 6.504182e+04 1.341210e+03 6.290415e+04 7.028867e+04 7.453423e+04 3.760134e+04 4.371825e+04 2.042771e+04 2.823195e+04 3.789239e+04 8.460769e+04 6.504182e+04 4.212623e+04 
5.896133e+03 5.859955e+03 1.177943e+03 3.900833e+04 9.668334e+03 2.442866e+04 6.459619e+03 2.326167e+04 4.729307e+03 2.903916e+04 4.779671e+04 1.544031e+04 5.859955e+03 5.823998e+03 1.170715e+03 3.876898e+04 9.609010e+03 2.427877e+04 6.419983e+03 2.311894e+04 4.700289e+03 2.886098e+04 4.750343e+04 1.534557e+04 1.177943e+03 1.170715e+03 2.353321e+02 7.793174e+03 1.931562e+03 4.880414e+03 1.290517e+03 4.647270e+03 9.448318e+02 5.801510e+03 9.548935e+03 3.084701e+03 3.900833e+04 3.876898e+04 7.793174e+03 2.580759e+05 6.396491e+04 1.616180e+05 4.273631e+04 1.538973e+05 3.128871e+04 1.921207e+05 3.162191e+05 1.021519e+05 9.668334e+03 9.609010e+03 1.931562e+03 6.396491e+04 1.585390e+04 4.005752e+04 1.059232e+04 3.814392e+04 7.755002e+03 4.761771e+04 7.837587e+04 2.531865e+04 2.442866e+04 2.427877e+04 4.880414e+03 1.616180e+05 4.005752e+04 1.012120e+05 2.676328e+04 9.637698e+04 1.959431e+04 1.203141e+05 1.980297e+05 6.397179e+04 6.459619e+03 6.419983e+03 1.290517e+03 4.273631e+04 1.059232e+04 2.676328e+04 7.076956e+03 2.548476e+04 5.181281e+03 3.181440e+04 5.236458e+04 1.691593e+04 2.326167e+04 2.311894e+04 4.647270e+03 1.538973e+05 3.814392e+04 9.637698e+04 2.548476e+04 9.177292e+04 1.865826e+04 1.145665e+05 1.885696e+05 6.091578e+04 4.729307e+03 4.700289e+03 9.448318e+02 3.128871e+04 7.755002e+03 1.959431e+04 5.181281e+03 1.865826e+04 3.793393e+03 2.329241e+04 3.833789e+04 1.238473e+04 2.903916e+04 2.886098e+04 5.801510e+03 1.921207e+05 4.761771e+04 1.203141e+05 3.181440e+04 1.145665e+05 2.329241e+04 1.430214e+05 2.354045e+05 7.604540e+04 4.779671e+04 4.750343e+04 9.548935e+03 3.162191e+05 7.837587e+04 1.980297e+05 5.236458e+04 1.885696e+05 3.833789e+04 2.354045e+05 3.874616e+05 1.251661e+05 1.544031e+04 1.534557e+04 3.084701e+03 1.021519e+05 2.531865e+04 6.397179e+04 1.691593e+04 6.091578e+04 1.238473e+04 7.604540e+04 1.251661e+05 4.043384e+04 
1.219091e+05 1.330387e+05 5.626512e+03 4.911863e+04 6.549953e+04 1.015685e+05 3.726783e+04 1.001221e+05 4.071361e+04 9.830457e+04 1.139899e+05 1.003099e+05 1.330387e+05 1.451843e+05 6.140177e+03 5.360286e+04 7.147923e+04 1.108410e+05 4.067015e+04 1.092626e+05 4.443051e+04 1.072792e+05 1.243964e+05 1.094676e+05 5.626512e+03 6.140177e+03 2.596823e+02 2.266988e+03 3.023022e+03 4.687723e+03 1.720035e+03 4.620969e+03 1.879069e+03 4.537083e+03 5.261012e+03 4.629636e+03 4.911863e+04 5.360286e+04 2.266988e+03 1.979048e+04 2.639054e+04 4.092314e+04 1.501565e+04 4.034039e+04 1.640400e+04 3.960808e+04 4.592787e+04 4.041605e+04 6.549953e+04 7.147923e+04 3.023022e+03 2.639054e+04 3.519170e+04 5.457087e+04 2.002332e+04 5.379378e+04 2.187468e+04 5.281724e+04 6.124467e+04 5.389467e+04 1.015685e+05 1.108410e+05 4.687723e+03 4.092314e+04 5.457087e+04 8.462166e+04 3.104966e+04 8.341664e+04 3.392050e+04 8.190235e+04 9.497054e+04 8.357309e+04 3.726783e+04 4.067015e+04 1.720035e+03 1.501565e+04 2.002332e+04 3.104966e+04 1.139284e+04 3.060751e+04 1.244622e+04 3.005188e+04 3.484690e+04 3.066491e+04 1.001221e+05 1.092626e+05 4.620969e+03 4.034039e+04 5.379378e+04 8.341664e+04 3.060751e+04 8.222878e+04 3.343747e+04 8.073606e+04 9.361816e+04 8.238301e+04 4.071361e+04 4.443051e+04 1.879069e+03 1.640400e+04 2.187468e+04 3.392050e+04 1.244622e+04 3.343747e+04 1.359700e+04 3.283047e+04 3.806884e+04 3.350019e+04 9.830457e+04 1.072792e+05 4.537083e+03 3.960808e+04 5.281724e+04 8.190235e+04 3.005188e+04 8.073606e+04 3.283047e+04 7.927043e+04 9.191868e+04 8.088748e+04 1.139899e+05 1.243964e+05 5.261012e+03 4.592787e+04 6.124467e+04 9.497054e+04 3.484690e+04 9.361816e+04 3.806884e+04 9.191868e+04 1.065851e+05 9.379375e+04 1.003099e+05 1.094676e+05 4.629636e+03 4.041605e+04 5.389467e+04 8.357309e+04 3.066491e+04 8.238301e+04 3.350019e+04 8.088748e+04 9.379375e+04 8.253753e+04 
4.906756e+04 9.034128e+04 6.602277e+04 2.360886e+04 1.399894e+04 6.552286e+04 1.732629e+04 6.190700e+03 9.236315e+04 8.159957e+04 3.934443e+04 6.839836e+04 9.034128e+04 1.663328e+05 1.215585e+05 4.346772e+04 2.577431e+04 1.206381e+05 3.190049e+04 1.139807e+04 1.700554e+05 1.502379e+05 7.243942e+04 1.259324e+05 6.602277e+04 1.215585e+05 8.883683e+04 3.176687e+04 1.883626e+04 8.816417e+04 2.331336e+04 8.329885e+03 1.242791e+05 1.097962e+05 5.293982e+04 9.203330e+04 2.360886e+04 4.346772e+04 3.176687e+04 1.135941e+04 6.735594e+03 3.152633e+04 8.336548e+03 2.978656e+03 4.444054e+04 3.926165e+04 1.893058e+04 3.290988e+04 1.399894e+04 2.577431e+04 1.883626e+04 6.735594e+03 3.993890e+03 1.869363e+04 4.943181e+03 1.766203e+03 2.635115e+04 2.328031e+04 1.122494e+04 1.951401e+04 6.552286e+04 1.206381e+05 8.816417e+04 3.152633e+04 1.869363e+04 8.749661e+04 2.313684e+04 8.266813e+03 1.233381e+05 1.089648e+05 5.253897e+04 9.133644e+04 1.732629e+04 3.190049e+04 2.331336e+04 8.336548e+03 4.943181e+03 2.313684e+04 6.118104e+03 2.186004e+03 3.261444e+04 2.881370e+04 1.389295e+04 2.415221e+04 6.190700e+03 1.139807e+04 8.329885e+03 2.978656e+03 1.766203e+03 8.266813e+03 2.186004e+03 7.810611e+02 1.165317e+04 1.029516e+04 4.963962e+03 8.629606e+03 9.236315e+04 1.700554e+05 1.242791e+05 4.444054e+04 2.635115e+04 1.233381e+05 3.261444e+04 1.165317e+04 1.738613e+05 1.536003e+05 7.406064e+04 1.287508e+05 8.159957e+04 1.502379e+05 1.097962e+05 3.926165e+04 2.328031e+04 1.089648e+05 2.881370e+04 1.029516e+04 1.536003e+05 1.357004e+05 6.542995e+04 1.137468e+05 3.934443e+04 7.243942e+04 5.293982e+04 1.893058e+04 1.122494e+04 5.253897e+04 1.389295e+04 4.963962e+03 7.406064e+04 6.542995e+04 3.154801e+04 5.484467e+04 6.839836e+04 1.259324e+05 9.203330e+04 3.290988e+04 1.951401e+04 9.133644e+04 2.415221e+04 8.629606e+03 1.287508e+05 1.137468e+05 5.484467e+04 9.534478e+04 
7.918444e+03 4.335489e+03 5.689635e+03 2.126126e+04 3.048346e+04 4.278503e+04 4.745318e+04 2.495521e+04 6.676535e+03 2.111805e+04 1.711349e+04 1.677939e+04 4.335489e+03 2.373757e+03 3.115176e+03 1.164092e+04 1.669024e+04 2.342557e+04 2.598146e+04 1.366342e+04 3.655522e+03 1.156251e+04 9.369941e+03 9.187015e+03 5.689635e+03 3.115176e+03 4.088170e+03 1.527684e+04 2.190326e+04 3.074230e+04 3.409650e+04 1.793105e+04 4.797287e+03 1.517394e+04 1.229655e+04 1.205649e+04 2.126126e+04 1.164092e+04 1.527684e+04 5.708713e+04 8.184902e+04 1.148791e+05 1.274132e+05 6.700549e+04 1.792670e+04 5.670261e+04 4.595024e+04 4.505317e+04 3.048346e+04 1.669024e+04 2.190326e+04 8.184902e+04 1.173515e+05 1.647086e+05 1.826795e+05 9.606954e+04 2.570251e+04 8.129771e+04 6.588144e+04 6.459526e+04 4.278503e+04 2.342557e+04 3.074230e+04 1.148791e+05 1.647086e+05 2.311766e+05 2.563996e+05 1.348383e+05 3.607474e+04 1.141053e+05 9.246783e+04 9.066261e+04 4.745318e+04 2.598146e+04 3.409650e+04 1.274132e+05 1.826795e+05 2.563996e+05 2.843746e+05 1.495501e+05 4.001074e+04 1.265550e+05 1.025567e+05 1.005545e+05 2.495521e+04 1.366342e+04 1.793105e+04 6.700549e+04 9.606954e+04 1.348383e+05 1.495501e+05 7.864709e+04 2.104130e+04 6.655417e+04 5.393368e+04 5.288075e+04 6.676535e+03 3.655522e+03 4.797287e+03 1.792670e+04 2.570251e+04 3.607474e+04 4.001074e+04 2.104130e+04 5.629404e+03 1.780595e+04 1.442946e+04 1.414775e+04 2.111805e+04 1.156251e+04 1.517394e+04 5.670261e+04 8.129771e+04 1.141053e+05 1.265550e+05 6.655417e+04 1.780595e+04 5.632068e+04 4.564074e+04 4.474971e+04 1.711349e+04 9.369941e+03 1.229655e+04 4.595024e+04 6.588144e+04 9.246783e+04 1.025567e+05 5.393368e+04 1.442946e+04 4.564074e+04 3.698601e+04 3.626394e+04 1.677939e+04 9.187015e+03 1.205649e+04 4.505317e+04 6.459526e+04 9.066261e+04 1.005545e+05 5.288075e+04 1.414775e+04 4.474971e+04 3.626394e+04 3.555597e+04 
3.953547e+04 4.050487e+04 1.307594e+04 6.672940e+04 5.178443e+04 5.025230e+04 4.722667e+04 4.076516e+04 5.547866e+04 5.461010e+04 5.397237e+04 3.701484e+04 4.050487e+04 4.149803e+04 1.339655e+04 6.836558e+04 5.305416e+04 5.148447e+04 4.838465e+04 4.176471e+04 5.683898e+04 5.594912e+04 5.529575e+04 3.792242e+04 1.307594e+04 1.339655e+04 4.324727e+03 2.207004e+04 1.712715e+04 1.662041e+04 1.561972e+04 1.348264e+04 1.834898e+04 1.806171e+04 1.785079e+04 1.224226e+04 6.672940e+04 6.836558e+04 2.207004e+04 1.126283e+05 8.740362e+04 8.481765e+04 7.971089e+04 6.880491e+04 9.363889e+04 9.217290e+04 9.109651e+04 6.247498e+04 5.178443e+04 5.305416e+04 1.712715e+04 8.740362e+04 6.782837e+04 6.582156e+04 6.185853e+04 5.339509e+04 7.266716e+04 7.152950e+04 7.069418e+04 4.848284e+04 5.025230e+04 5.148447e+04 1.662041e+04 8.481765e+04 6.582156e+04 6.387413e+04 6.002835e+04 5.181532e+04 7.051719e+04 6.941319e+04 6.860258e+04 4.704840e+04 4.722667e+04 4.838465e+04 1.561972e+04 7.971089e+04 6.185853e+04 6.002835e+04 5.641412e+04 4.869558e+04 6.627144e+04 6.523391e+04 6.447211e+04 4.421567e+04 4.076516e+04 4.176471e+04 1.348264e+04 6.880491e+04 5.339509e+04 5.181532e+04 4.869558e+04 4.203309e+04 5.720424e+04 5.630866e+04 5.565109e+04 3.816612e+04 5.547866e+04 5.683898e+04 1.834898e+04 9.363889e+04 7.266716e+04 7.051719e+04 6.627144e+04 5.720424e+04 7.785115e+04 7.663233e+04 7.573742e+04 5.194155e+04 5.461010e+04 5.594912e+04 1.806171e+04 9.217290e+04 7.152950e+04 6.941319e+04 6.523391e+04 5.630866e+04 7.663233e+04 7.543259e+04 7.455169e+04 5.112836e+04 5.397237e+04 5.529575e+04 1.785079e+04 9.109651e+04 7.069418e+04 6.860258e+04 6.447211e+04 5.565109e+04 7.573742e+04 7.455169e+04 7.368107e+04 5.053128e+04 3.701484e+04 3.792242e+04 1.224226e+04 6.247498e+04 4.848284e+04 4.704840e+04 4.421567e+04 3.816612e+04 5.194155e+04 5.112836e+04 5.053128e+04 3.465490e+04 
1.970556e+05 7.026341e+04 5.270790e+04 1.820566e+04 1.042444e+04 8.298635e+04 1.573189e+05 1.944059e+05 3.122484e+03 1.177585e+05 1.822873e+05 1.434867e+05 7.026341e+04 2.505357e+04 1.879387e+04 6.491527e+03 3.717006e+03 2.959014e+04 5.609463e+04 6.931863e+04 1.113373e+03 4.198872e+04 6.499751e+04 5.116254e+04 5.270790e+04 1.879387e+04 1.409817e+04 4.869601e+03 2.788301e+03 2.219696e+04 4.207923e+04 5.199917e+04 8.351937e+02 3.149772e+04 4.875770e+04 3.837944e+04 1.820566e+04 6.491527e+03 4.869601e+03 1.681992e+03 9.630978e+02 7.666979e+03 1.453445e+04 1.796086e+04 2.884815e+02 1.087952e+04 1.684123e+04 1.325651e+04 1.042444e+04 3.717006e+03 2.788301e+03 9.630978e+02 5.514635e+02 4.390062e+03 8.322328e+03 1.028427e+04 1.651826e+02 6.229543e+03 9.643180e+03 7.590592e+03 8.298635e+04 2.959014e+04 2.219696e+04 7.666979e+03 4.390062e+03 3.494817e+04 6.625196e+04 8.187048e+04 1.314977e+03 4.959182e+04 7.676693e+04 6.042679e+04 1.573189e+05 5.609463e+04 4.207923e+04 1.453445e+04 8.322328e+03 6.625196e+04 1.255952e+05 1.552035e+05 2.492828e+03 9.401222e+04 1.455286e+05 1.145523e+05 1.944059e+05 6.931863e+04 5.199917e+04 1.796086e+04 1.028427e+04 8.187048e+04 1.552035e+05 1.917919e+05 3.080498e+03 1.161751e+05 1.798362e+05 1.415573e+05 3.122484e+03 1.113373e+03 8.351937e+02 2.884815e+02 1.651826e+02 1.314977e+03 2.492828e+03 3.080498e+03 4.947796e+01 1.865966e+03 2.888470e+03 2.273648e+03 1.177585e+05 4.198872e+04 3.149772e+04 1.087952e+04 6.229543e+03 4.959182e+04 9.401222e+04 1.161751e+05 1.865966e+03 7.037131e+04 1.089331e+05 8.574625e+04 1.822873e+05 6.499751e+04 4.875770e+04 1.684123e+04 9.643180e+03 7.676693e+04 1.455286e+05 1.798362e+05 2.888470e+03 1.089331e+05 1.686257e+05 1.327331e+05 1.434867e+05 5.116254e+04 3.837944e+04 1.325651e+04 7.590592e+03 6.042679e+04 1.145523e+05 1.415573e+05 2.273648e+03 8.574625e+04 1.327331e+05 1.044803e+05 
1.713405e+03 1.589472e+04 1.996983e+02 4.129252e+03 2.513680e+03 1.811416e+04 1.584724e+02 2.120240e+04 7.403297e+03 1.631315e+04 2.057029e+04 6.483637e+03 1.589472e+04 1.474504e+05 1.852539e+03 3.830579e+04 2.331863e+04 1.680394e+05 1.470099e+03 1.966881e+05 6.867809e+04 1.513320e+05 1.908242e+05 6.014668e+04 1.996983e+02 1.852539e+03 2.327494e+01 4.812666e+02 2.929708e+02 2.111215e+03 1.847005e+01 2.471151e+03 8.628583e+02 1.901306e+03 2.397478e+03 7.556714e+02 4.129252e+03 3.830579e+04 4.812666e+02 9.951367e+03 6.057891e+03 4.365456e+04 3.819135e+02 5.109712e+04 1.784171e+04 3.931417e+04 4.957375e+04 1.562536e+04 2.513680e+03 2.331863e+04 2.929708e+02 6.057891e+03 3.687738e+03 2.657469e+04 2.324897e+02 3.110535e+04 1.086114e+04 2.393248e+04 3.017800e+04 9.511932e+03 1.811416e+04 1.680394e+05 2.111215e+03 4.365456e+04 2.657469e+04 1.915034e+05 1.675374e+03 2.241523e+05 7.826784e+04 1.724630e+05 2.174696e+05 6.854517e+04 1.584724e+02 1.470099e+03 1.847005e+01 3.819135e+02 2.324897e+02 1.675374e+03 1.465707e+01 1.961005e+03 6.847292e+02 1.508799e+03 1.902541e+03 5.996700e+02 2.120240e+04 1.966881e+05 2.471151e+03 5.109712e+04 3.110535e+04 2.241523e+05 1.961005e+03 2.623675e+05 9.161154e+04 2.018658e+05 2.545455e+05 8.023127e+04 7.403297e+03 6.867809e+04 8.628583e+02 1.784171e+04 1.086114e+04 7.826784e+04 6.847292e+02 9.161154e+04 3.198824e+04 7.048601e+04 8.888031e+04 2.801456e+04 1.631315e+04 1.513320e+05 1.901306e+03 3.931417e+04 2.393248e+04 1.724630e+05 1.508799e+03 2.018658e+05 7.048601e+04 1.553157e+05 1.958475e+05 6.173002e+04 2.057029e+04 1.908242e+05 2.397478e+03 4.957375e+04 3.017800e+04 2.174696e+05 1.902541e+03 2.545455e+05 8.888031e+04 1.958475e+05 2.469567e+05 7.783932e+04 6.483637e+03 6.014668e+04 7.556714e+02 1.562536e+04 9.511932e+03 6.854517e+04 5.996700e+02 8.023127e+04 2.801456e+04 6.173002e+04 7.783932e+04 2.453451e+04 
1.008510e+05 1.772854e+04 9.460663e+04 1.458701e+05 7.845755e+03 8.446493e+04 1.516034e+05 1.165043e+04 3.650840e+04 1.008179e+04 6.620257e+04 1.525384e+05 1.772854e+04 3.116492e+03 1.663085e+04 2.564243e+04 1.379201e+03 1.484805e+04 2.665028e+04 2.048023e+03 6.417793e+03 1.772272e+03 1.163772e+04 2.681466e+04 9.460663e+04 1.663085e+04 8.874892e+04 1.368383e+05 7.359973e+03 7.923515e+04 1.422166e+05 1.092908e+04 3.424792e+04 9.457557e+03 6.210354e+04 1.430938e+05 1.458701e+05 2.564243e+04 1.368383e+05 2.109853e+05 1.134804e+04 1.221694e+05 2.192779e+05 1.685109e+04 5.280546e+04 1.458222e+04 9.575489e+04 2.206304e+05 7.845755e+03 1.379201e+03 7.359973e+03 1.134804e+04 6.103647e+02 6.570994e+03 1.179406e+04 9.063513e+02 2.840190e+03 7.843179e+02 5.150264e+03 1.186681e+04 8.446493e+04 1.484805e+04 7.923515e+04 1.221694e+05 6.570994e+03 7.074125e+04 1.269712e+05 9.757493e+03 3.057659e+04 8.443720e+03 5.544612e+04 1.277543e+05 1.516034e+05 2.665028e+04 1.422166e+05 2.192779e+05 1.179406e+04 1.269712e+05 2.278965e+05 1.751341e+04 5.488094e+04 1.515536e+04 9.951845e+04 2.293021e+05 1.165043e+04 2.048023e+03 1.092908e+04 1.685109e+04 9.063513e+02 9.757493e+03 1.751341e+04 1.345872e+03 4.217495e+03 1.164660e+03 7.647803e+03 1.762143e+04 3.650840e+04 6.417793e+03 3.424792e+04 5.280546e+04 2.840190e+03 3.057659e+04 5.488094e+04 4.217495e+03 1.321617e+04 3.649641e+03 2.396556e+04 5.521943e+04 1.008179e+04 1.772272e+03 9.457557e+03 1.458222e+04 7.843179e+02 8.443720e+03 1.515536e+04 1.164660e+03 3.649641e+03 1.007848e+03 6.618084e+03 1.524884e+04 6.620257e+04 1.163772e+04 6.210354e+04 9.575489e+04 5.150264e+03 5.544612e+04 9.951845e+04 7.647803e+03 2.396556e+04 6.618084e+03 4.345799e+04 1.001323e+05 1.525384e+05 2.681466e+04 1.430938e+05 2.206304e+05 1.186681e+04 1.277543e+05 2.293021e+05 1.762143e+04 5.521943e+04 1.524884e+04 1.001323e+05 2.307164e+05 
1.420195e+05 1.418539e+04 2.377499e+04 2.629387e+04 1.011017e+05 1.234620e+05 1.588797e+05 1.659239e+05 3.344497e+04 1.423454e+05 4.324577e+04 6.954496e+04 1.418539e+04 1.416885e+03 2.374726e+03 2.626321e+03 1.009838e+04 1.233181e+04 1.586944e+04 1.657304e+04 3.340597e+03 1.421794e+04 4.319533e+03 6.946385e+03 2.377499e+04 2.374726e+03 3.980086e+03 4.401764e+03 1.692508e+04 2.066834e+04 2.659748e+04 2.777673e+04 5.598905e+03 2.382954e+04 7.239621e+03 1.164228e+04 2.629387e+04 2.626321e+03 4.401764e+03 4.868117e+03 1.871824e+04 2.285809e+04 2.941540e+04 3.071959e+04 6.192091e+03 2.635420e+04 8.006636e+03 1.287574e+04 1.011017e+05 1.009838e+04 1.692508e+04 1.871824e+04 7.197287e+04 8.789088e+04 1.131042e+05 1.181189e+05 2.380901e+04 1.013337e+05 3.078605e+04 4.950807e+04 1.234620e+05 1.233181e+04 2.066834e+04 2.285809e+04 8.789088e+04 1.073294e+05 1.381191e+05 1.442429e+05 2.907477e+04 1.237453e+05 3.759491e+04 6.045762e+04 1.588797e+05 1.586944e+04 2.659748e+04 2.941540e+04 1.131042e+05 1.381191e+05 1.777414e+05 1.856219e+05 3.741546e+04 1.592442e+05 4.837978e+04 7.780113e+04 1.659239e+05 1.657304e+04 2.777673e+04 3.071959e+04 1.181189e+05 1.442429e+05 1.856219e+05 1.938518e+05 3.907435e+04 1.663046e+05 5.052479e+04 8.125059e+04 3.344497e+04 3.340597e+03 5.598905e+03 6.192091e+03 2.380901e+04 2.907477e+04 3.741546e+04 3.907435e+04 7.876144e+03 3.352171e+04 1.018419e+04 1.637753e+04 1.423454e+05 1.421794e+04 2.382954e+04 2.635420e+04 1.013337e+05 1.237453e+05 1.592442e+05 1.663046e+05 3.352171e+04 1.426720e+05 4.334500e+04 6.970453e+04 4.324577e+04 4.319533e+03 7.239621e+03 8.006636e+03 3.078605e+04 3.759491e+04 4.837978e+04 5.052479e+04 1.018419e+04 4.334500e+04 1.316859e+04 2.117684e+04 6.954496e+04 6.946385e+03 1.164228e+04 1.287574e+04 4.950807e+04 6.045762e+04 7.780113e+04 8.125059e+04 1.637753e+04 6.970453e+04 2.117684e+04 3.405518e+04 
8.253295e+04 1.237909e+05 8.890400e+04 9.909853e+03 3.862098e+04 8.404844e+04 1.011373e+05 2.549849e+04 3.105418e+04 5.309933e+04 9.171323e+04 6.572610e+04 1.237909e+05 1.856734e+05 1.333468e+05 1.486375e+04 5.792746e+04 1.260639e+05 1.516955e+05 3.824509e+04 4.657804e+04 7.964349e+04 1.375603e+05 9.858233e+04 8.890400e+04 1.333468e+05 9.576686e+04 1.067483e+04 4.160229e+04 9.053648e+04 1.089445e+05 2.746682e+04 3.345137e+04 5.719828e+04 9.879294e+04 7.079976e+04 9.909853e+03 1.486375e+04 1.067483e+04 1.189891e+03 4.637278e+03 1.009182e+04 1.214371e+04 3.061641e+03 3.728721e+03 6.375715e+03 1.101214e+04 7.891829e+03 3.862098e+04 5.792746e+04 4.160229e+04 4.637278e+03 1.807254e+04 3.933015e+04 4.732683e+04 1.193192e+04 1.453168e+04 2.484763e+04 4.291686e+04 3.075628e+04 8.404844e+04 1.260639e+05 9.053648e+04 1.009182e+04 3.933015e+04 8.559175e+04 1.029944e+05 2.596670e+04 3.162440e+04 5.407435e+04 9.339728e+04 6.693297e+04 1.011373e+05 1.516955e+05 1.089445e+05 1.214371e+04 4.732683e+04 1.029944e+05 1.239355e+05 3.124630e+04 3.805433e+04 6.506885e+04 1.123870e+05 8.054191e+04 2.549849e+04 3.824509e+04 2.746682e+04 3.061641e+03 1.193192e+04 2.596670e+04 3.124630e+04 7.877739e+03 9.594164e+03 1.640500e+04 2.833473e+04 2.030603e+04 3.105418e+04 4.657804e+04 3.345137e+04 3.728721e+03 1.453168e+04 3.162440e+04 3.805433e+04 9.594164e+03 1.168457e+04 1.997936e+04 3.450838e+04 2.473036e+04 5.309933e+04 7.964349e+04 5.719828e+04 6.375715e+03 2.484763e+04 5.407435e+04 6.506885e+04 1.640500e+04 1.997936e+04 3.416258e+04 5.900566e+04 4.228628e+04 9.171323e+04 1.375603e+05 9.879294e+04 1.101214e+04 4.291686e+04 9.339728e+04 1.123870e+05 2.833473e+04 3.450838e+04 5.900566e+04 1.019146e+05 7.303692e+04 6.572610e+04 9.858233e+04 7.079976e+04 7.891829e+03 3.075628e+04 6.693297e+04 8.054191e+04 2.030603e+04 2.473036e+04 4.228628e+04 7.303692e+04 5.234176e+04 
